Test Accuracy: 0.9997

              precision    recall  f1-score   support

           0     1.0000    1.0000    1.0000        66
           1     1.0000    1.0000    1.0000       150
           2     1.0000    1.0000    1.0000       150
           3     0.9868    1.0000    0.9934       150
           4     1.0000    1.0000    1.0000       150
           5     1.0000    1.0000    1.0000       150
           6     1.0000    1.0000    1.0000       150
           7     1.0000    1.0000    1.0000       150
           8     1.0000    1.0000    1.0000       150
           9     1.0000    0.9867    0.9933       150
           A     1.0000    1.0000    1.0000       150
           B     1.0000    1.0000    1.0000       210
           C     1.0000    1.0000    1.0000       150
           D     1.0000    1.0000    1.0000       240
           E     1.0000    1.0000    1.0000       150
           F     1.0000    1.0000    1.0000       150
           G     1.0000    1.0000    1.0000       240
           H     1.0000    1.0000    1.0000       240
           I     1.0000    1.0000    1.0000       240
           J     1.0000    1.0000    1.0000       240
           K     1.0000    1.0000    1.0000       240
           L     1.0000    1.0000    1.0000       240
           M     1.0000    1.0000    1.0000       150
           N     1.0000    1.0000    1.0000       150
           O     1.0000    1.0000    1.0000       150
           P     1.0000    1.0000    1.0000       150
           Q     1.0000    1.0000    1.0000       150
           R     1.0000    1.0000    1.0000       150
           S     1.0000    1.0000    1.0000       240
           T     1.0000    1.0000    1.0000       240
           U     1.0000    1.0000    1.0000       150
           V     1.0000    1.0000    1.0000       240
           W     1.0000    1.0000    1.0000       240
           X     1.0000    1.0000    1.0000       240
           Y     1.0000    1.0000    1.0000       240
           Z     1.0000    1.0000    1.0000       240

    accuracy                         0.9997      6636
   macro avg     0.9996    0.9996    0.9996      6636
weighted avg     0.9997    0.9997    0.9997      6636
